basic models:
-dtc:       0.8333333333333334
-knn:       0.6274509803921569
-log reg:   0.5882352941176471
-svc:       0.5784313725490197
-sgd:       0.5294117647058824
-nb:        0.4411764705882353
-lin reg:   0.1303489115436306

ensemble models:
-rfc:       0.8431372549019608
-voting:    0.8431372549019608
-stacking:  0.8431372549019608
-bagging:   0.6078431372549019
-ada:       0.5784313725490197
